48.208164
49.959589
50.5135
50.7704
50.811333
50.8241
50.825
51.0677
51.0686
51.0689
51.1313
51.2543
51.2563
51.2859
51.2884
51.309788
51.4061
51.4075
51.4093
51.4111
51.4136
51.415
51.4192
51.4207
51.4208
51.4209
51.4212
51.4224
51.4252
51.4257
51.4262
51.4265
51.4282
51.4284
51.429
51.4293
51.4298
51.4303
51.4316
51.4318
51.4324
51.4326
51.4335
51.435
51.4359
51.4361
51.4376
51.4381
51.4395
51.4467
51.4469
51.447
51.4476
51.4477
51.448
51.4481
51.4488
51.4501
51.4529
51.4716
51.472
51.4725
51.4735
51.4737
51.474
51.4741
51.4744
51.475
51.4761
51.477
51.4774
51.4784
51.4797
51.48
51.4805
51.4808
51.4809
51.4812
51.4815
51.4817
51.4819
51.482
51.4821
51.4822
51.4823
51.4824
51.4825
51.4826
51.48273
51.4831
51.48319
51.4833
51.4834
51.4837
51.4838
51.4841
51.48452
51.7631
51.7635
51.764
51.7659
51.7689
51.7693
51.7696
51.7704
51.7706
51.7711
51.7718
51.7747
52.020592
52.072916
52.1936
52.2073
52.4171
52.8107
52.9882
52.9928
52.9938
52.994
52.9961
52.9982
52.9984
52.9985
52.9993
52.9997
53.0576
53.1435
53.1471
53.27264
54.99208404
54.992896
54.993846
54.99451697
55.01348899
55.014892
55.015346
55.01551003
55.05224444
55.053127777
55.05359444
55.05376111
55.053932
55.15857777
55.408883
55.410084
55.415295
55.432914
55.433222
55.44305556
55.444053
55.461566
55.461854
55.462222
55.462543
55.468123
55.468236
55.468254
55.468435
55.600306
55.600865
55.630469
55.658504
55.691676987335
55.7251839805394
55.7279619947075
55.728843
55.740286
55.740563
55.743356
55.743543
55.744922
55.745508
55.745798
55.755139
55.756036
55.7572620268911
55.761871
55.767684
55.822498
55.823465
55.82852
55.832547222
55.8331944
55.83324444
55.836578
55.838243
55.841081
55.84297
55.843175
55.848233
55.849033
55.85342
55.854326
55.854815
55.85515
55.855299
55.855453
55.855921
55.856575
55.85728
55.85763
55.857991
55.858358
55.85879
55.861975
55.863168
55.86326
55.86326388
55.863641
55.863765
55.863962
55.864056
55.864379
55.866937
55.8969472
55.906696
55.908022
55.908067
55.908473
55.909574
55.909623
55.914735
55.91792
55.938321
55.9397450275719
55.9408439788967
55.941219991073
55.9414240065962
55.9415079932659
55.9416029602289
55.9417939838021
55.9419170301407
55.9427060186862
55.950419
55.96380556
55.964093
55.964226
55.964363
55.964398
55.96446
55.9652278
55.966667
55.9671861
55.988465
55.988495
56.00813611
56.008905
56.012186
56.01257
56.014232
56.014383
56.014402
56.014447
56.015163
56.016114
56.016124
56.021033
56.02184
56.02347
56.025093
56.025914
56.026864
56.027141
56.027213
56.035156
56.036945
56.037641
56.03768
56.047885
56.057022
56.060855
56.084991
56.106568
56.157959
56.161045
56.16957777
56.174459
56.175451
56.176537
56.176839
56.177898
56.245882
56.248824
56.2666600383818
56.343618
56.343794
56.471139
56.522094
56.522392
56.536796
56.539185
56.540096
56.541595
56.542827
56.55812
56.58865
56.642631
56.643626
56.645743
56.645936
56.649412
56.64971
56.652269
56.661347
56.6621489915996
56.6647600382566
56.669123
56.689967
56.691782
56.7055459599941
56.716352
56.717518
56.717670969665
56.727687
56.740844
56.743414
56.761498
56.761905
56.762261018157
56.7623300012201
56.7623790353536
56.7634850274771
56.7644730024039
56.764507
56.7649029940366
56.7657160386443
56.889841
56.89615
56.89666
57.216481
57.601869
57.602316
57.604357
57.604936
57.606064
57.819085
57.827773
59.51385501
